$ 1 0.000005 382.76258214399064 64 5 43 5e-11
g 144 336 144 368 0 0
r 144 336 240 336 0 10000
r 240 336 240 240 0 10000
r 240 336 336 336 0 5000
r 336 336 336 240 0 10000
r 336 336 432 336 0 5000
r 432 336 432 240 0 10000
r 432 336 512 336 0 5000
r 512 336 512 240 0 10000
r 512 336 608 336 0 10000
w 608 336 656 336 0
a 656 352 768 352 8 5 0 1000000 2.499983333611107 2.5000000000000004 100000
w 656 368 608 368 0
174 560 464 656 464 1 100000 0.5 Resistance
w 608 368 608 448 0
r 656 464 736 464 0 10000
r 560 464 496 464 0 10000
g 736 464 752 464 0 0
w 608 336 608 240 0
r 608 240 768 240 0 10000
w 768 240 768 352 0
w 768 240 768 144 0
c 768 144 608 144 4 1e-10 1.6666555557407374 0.001 0
w 608 144 608 240 0
R 496 464 464 464 0 0 40 5 0 0 0.5
L 240 240 240 208 0 0 false 5 0
L 336 240 336 208 0 0 false 5 0
L 432 240 432 208 0 0 false 5 0
L 512 240 512 208 0 0 false 5 0
w 768 352 800 352 0
368 800 352 816 320 0 0
